% f evaluations | g evaluations | best noise-free fitness - Fopt (6.870000000000e+00) + sum g_i+ | measured fitness | best measured fitness or single-digit g-values | x1 | x2...
1 0 +1.817093392e+01 +2.504093392e+01 +2.504093392e+01 +0.0000e+00 +0.0000e+00 +0.0000e+00 +0.0000e+00 +0.0000e+00 +0.0000e+00 +0.0000e+00 +0.0000e+00 +0.0000e+00 +0.0000e+00 +0.0000e+00 +0.0000e+00 +0.0000e+00 +0.0000e+00 +0.0000e+00 +0.0000e+00 +0.0000e+00 +0.0000e+00 +0.0000e+00 +0.0000e+00
2 0 +1.444078197e+01 +2.131078197e+01 +2.131078197e+01 +4.0291e+00 +9.6514e-01 -1.5901e+00 +4.1643e+00 -1.3043e+00 +4.2827e+00 -1.5331e+00 +3.2093e+00 +1.3210e+00 -4.3302e+00 +1.6089e+00 +4.2507e+00 +3.8349e+00 +4.8691e+00 +2.9218e+00 +1.0829e+00 -5.9583e-01 +2.3687e+00 +1.4835e+00 -4.0108e+00
7 0 +1.245482730e+01 +1.932482730e+01 +1.932482730e+01 -3.6643e-01 -2.8849e+00 +3.9870e+00 +3.9040e+00 +1.0805e+00 +2.9103e+00 +4.0517e+00 +3.0545e+00 +1.6734e+00 -4.1974e+00 +4.0078e+00 +2.7650e+00 -3.4886e+00 -4.5047e+00 +2.8731e+00 +2.4252e+00 +2.8995e+00 +1.0487e+00 -4.4932e+00 +2.5560e-01
11 0 +9.506030179e+00 +1.637603018e+01 +1.637603018e+01 +4.0150e+00 -6.1261e-01 +1.9436e-01 +9.6303e-02 -2.3902e+00 +2.4492e+00 -3.6011e+00 -7.9442e-01 -3.6576e+00 +4.8568e+00 +1.8095e+00 -2.1350e+00 +2.3097e+00 -3.8271e+00 +1.3776e+00 -4.7505e+00 +4.5208e+00 +8.7188e-01 +1.9189e+00 +1.8104e+00
15 0 +8.046298928e+00 +1.491629893e+01 +1.491629893e+01 -3.1867e+00 -2.4062e+00 +5.9136e-02 +1.5633e+00 -4.2999e+00 -5.0561e-01 +4.6654e+00 -3.0509e+00 -4.4482e+00 -1.1603e+00 -3.0505e-01 +9.6749e-01 -3.7557e+00 +3.0257e-01 -1.5043e+00 +1.9684e+00 +3.9886e-01 -3.9779e+00 +3.8620e+00 -4.0515e+00
30 0 +6.657132045e+00 +1.352713204e+01 +1.352713204e+01 -1.9648e+00 +2.0014e+00 -1.3874e+00 -3.6039e+00 -4.4396e+00 +1.6690e+00 +4.1878e+00 +1.1640e+00 +4.1641e+00 -2.5588e+00 +4.0353e+00 +3.7366e+00 -1.1388e+00 +4.1976e+00 +1.3794e+00 +1.1391e+00 -1.4309e+00 -4.4541e-01 -3.7980e+00 +1.4194e+00
% f evaluations | g evaluations | best noise-free fitness - Fopt (1.000000000000e-02) + sum g_i+ | measured fitness | best measured fitness or single-digit g-values | x1 | x2...
1 0 +9.774411099e+00 +9.784411099e+00 +9.784411099e+00 +0.0000e+00 +0.0000e+00 +0.0000e+00 +0.0000e+00 +0.0000e+00 +0.0000e+00 +0.0000e+00 +0.0000e+00 +0.0000e+00 +0.0000e+00 +0.0000e+00 +0.0000e+00 +0.0000e+00 +0.0000e+00 +0.0000e+00 +0.0000e+00 +0.0000e+00 +0.0000e+00 +0.0000e+00 +0.0000e+00
16 0 +8.871441771e+00 +8.881441771e+00 +8.881441771e+00 +1.4657e+00 +3.8198e+00 -3.9279e+00 +9.0473e-01 +2.3911e+00 +3.2343e+00 -3.6243e+00 +3.8733e+00 +7.7712e-01 -1.3110e+00 +1.5010e+00 +3.3318e+00 +2.5254e+00 -1.0906e+00 +3.0121e+00 -1.9957e+00 +4.8838e+00 -3.9847e+00 +3.5159e+00 -4.6522e+00
33 0 +3.881777774e+00 +3.891777774e+00 +3.891777774e+00 +2.3410e+00 -1.3790e-01 -3.0787e+00 +2.2970e+00 +8.1890e-02 +1.0235e+00 -2.0895e+00 -3.4310e+00 +2.1526e+00 -4.8070e+00 +7.7437e-01 -5.9950e-01 -1.1569e+00 +3.3144e+00 +3.9217e+00 +3.5644e+00 +4.7613e+00 -4.6367e+00 -1.5159e+00 +9.6600e-01
% f evaluations | g evaluations | best noise-free fitness - Fopt (-1.306100000000e+02) + sum g_i+ | measured fitness | best measured fitness or single-digit g-values | x1 | x2...
1 0 +9.387114785e+00 -1.212228852e+02 -1.212228852e+02 +0.0000e+00 +0.0000e+00 +0.0000e+00 +0.0000e+00 +0.0000e+00 +0.0000e+00 +0.0000e+00 +0.0000e+00 +0.0000e+00 +0.0000e+00 +0.0000e+00 +0.0000e+00 +0.0000e+00 +0.0000e+00 +0.0000e+00 +0.0000e+00 +0.0000e+00 +0.0000e+00 +0.0000e+00 +0.0000e+00
2 0 +7.215797877e+00 -1.233942021e+02 -1.233942021e+02 +4.6861e+00 +4.4636e+00 -2.5749e+00 -1.1765e+00 -2.9886e+00 -2.9728e+00 -1.7765e+00 +4.5914e+00 +9.8971e-01 -4.6576e+00 +1.8629e+00 +4.4560e+00 +1.3081e+00 +2.7658e+00 -1.2164e+00 +2.8949e+00 +9.9519e-01 +4.8494e+00 -3.2626e+00 -8.6627e-02
11 0 +4.831554506e+00 -1.257784455e+02 -1.257784455e+02 +2.6250e+00 +2.4855e-01 -4.2821e+00 +3.3283e+00 -3.5451e+00 -2.1697e+00 +2.4510e+00 -2.7150e+00 -4.7016e+00 +3.8761e+00 +1.3344e+00 +3.9796e-01 -1.1386e+00 -2.9764e+00 -1.2517e+00 +4.0421e-01 +4.6821e+00 -4.0365e+00 +4.7551e+00 +2.2685e+00
% f evaluations | g evaluations | best noise-free fitness - Fopt (-2.231200000000e+02) + sum g_i+ | measured fitness | best measured fitness or single-digit g-values | x1 | x2...
1 0 +2.210043326e+01 -2.010195667e+02 -2.010195667e+02 +0.0000e+00 +0.0000e+00 +0.0000e+00 +0.0000e+00 +0.0000e+00 +0.0000e+00 +0.0000e+00 +0.0000e+00 +0.0000e+00 +0.0000e+00 +0.0000e+00 +0.0000e+00 +0.0000e+00 +0.0000e+00 +0.0000e+00 +0.0000e+00 +0.0000e+00 +0.0000e+00 +0.0000e+00 +0.0000e+00
2 0 +1.843384536e+01 -2.046861546e+02 -2.046861546e+02 -2.8324e+00 +1.1551e+00 +3.6495e+00 +8.7412e-01 +2.5933e+00 +2.3072e+00 +2.3335e+00 +3.6564e+00 +1.2316e-01 -9.1763e-01 -2.3945e+00 +8.4062e-01 +2.0736e+00 -4.7673e+00 +2.8888e+00 +5.0055e-01 +3.1040e+00 +2.6302e+00 -3.9411e+00 -6.1395e-01
5 0 +8.976509572e+00 -2.141434904e+02 -2.141434904e+02 -4.0326e+00 -2.8272e+00 -2.3401e+00 -3.0241e+00 +5.9683e-01 -2.7802e+00 +1.6014e+00 -4.9695e+00 -1.6897e+00 +1.5595e+00 +4.2002e+00 +1.4370e+00 +4.5455e-01 +3.8061e+00 -1.3554e+00 +3.5738e+00 -4.0153e+00 +1.8106e+00 -4.8368e+00 -2.9537e-01
8 0 +8.294606149e+00 -2.148253939e+02 -2.148253939e+02 -3.4798e-01 -1.6637e+00 +3.2159e+00 -2.0954e+00 +2.3011e+00 +3.4058e+00 -2.5846e+00 +1.6077e+00 -3.4748e+00 +1.0368e+00 +2.0105e+00 -4.8433e+00 +1.7373e+00 -2.3121e+00 -1.3352e+00 +2.3941e+00 +4.4396e+00 -3.4272e+00 -3.3236e+00 -1.9182e+00
17 0 +4.238894579e+00 -2.188811054e+02 -2.188811054e+02 -1.3597e+00 +3.2405e+00 -4.9179e+00 +2.5456e+00 +1.2286e+00 +1.4495e+00 -3.0825e+00 -2.7510e+00 -1.3076e+00 +3.3158e+00 -1.3834e+00 -4.3820e+00 -3.0182e-01 -1.8346e+00 +2.4192e+00 -1.6174e-01 -4.5730e+00 +4.4313e+00 +3.7061e+00 +2.8973e+00
% f evaluations | g evaluations | best noise-free fitness - Fopt (-4.443000000000e+01) + sum g_i+ | measured fitness | best measured fitness or single-digit g-values | x1 | x2...
1 0 +1.439186561e+01 -3.003813439e+01 -3.003813439e+01 +0.0000e+00 +0.0000e+00 +0.0000e+00 +0.0000e+00 +0.0000e+00 +0.0000e+00 +0.0000e+00 +0.0000e+00 +0.0000e+00 +0.0000e+00 +0.0000e+00 +0.0000e+00 +0.0000e+00 +0.0000e+00 +0.0000e+00 +0.0000e+00 +0.0000e+00 +0.0000e+00 +0.0000e+00 +0.0000e+00
2 0 +1.093239026e+01 -3.349760974e+01 -3.349760974e+01 +2.2740e+00 -4.7036e+00 -2.1494e+00 -3.4213e+00 -3.6763e+00 -6.8293e-01 +3.6261e+00 -1.7738e+00 +6.1033e-01 -4.1566e+00 -1.3613e+00 -4.1130e+00 +2.0065e+00 -2.3565e+00 +1.1066e+00 +2.9762e+00 -4.7195e+00 -3.9985e+00 -2.2108e+00 +1.7545e+00
10 0 +8.543167558e+00 -3.588683244e+01 -3.588683244e+01 -2.1849e+00 +8.6814e-01 +3.3686e+00 +8.9348e-02 +3.9832e+00 -2.8350e+00 +2.8072e-01 +6.2932e-01 -2.5793e-01 -3.4073e-01 -1.6580e+00 -2.2099e+00 +4.2517e+00 +1.7586e+00 +7.0281e-01 +4.3252e+00 +4.0570e+00 -1.1863e+00 -1.6973e-01 -2.9720e-02
12 0 +7.190845941e+00 -3.723915406e+01 -3.723915406e+01 -3.4341e+00 +3.2577e-01 -3.5859e+00 +1.1064e+00 -4.7195e+00 -4.4988e+00 -2.1796e+00 +3.9575e+00 +2.6177e+00 -2.9060e-01 -1.0766e+00 +2.8890e+00 +1.4311e+00 +2.1332e+00 +1.8499e+00 -2.1487e+00 +1.5612e+00 +4.4406e+00 +1.3565e-01 +3.6464e+00
29 0 +4.977516952e+00 -3.945248305e+01 -3.945248305e+01 +4.8670e+00 -2.2580e-01 -3.7980e+00 +3.8761e+00 -1.5563e+00 +4.5776e+00 +3.4797e+00 -1.1992e+00 +3.4736e+00 +4.2875e+00 +4.2890e+00 +3.5635e+00 +1.3887e+00 -4.1575e+00 +1.8831e+00 +3.9303e+00 -1.7379e-01 -3.5138e+00 -1.7803e+00 -1.6470e+00
% f evaluations | g evaluations | best noise-free fitness - Fopt (2.557800000000e+02) + sum g_i+ | measured fitness | best measured fitness or single-digit g-values | x1 | x2...
1 0 +2.006376743e+01 +2.758437674e+02 +2.758437674e+02 +0.0000e+00 +0.0000e+00 +0.0000e+00 +0.0000e+00 +0.0000e+00 +0.0000e+00 +0.0000e+00 +0.0000e+00 +0.0000e+00 +0.0000e+00 +0.0000e+00 +0.0000e+00 +0.0000e+00 +0.0000e+00 +0.0000e+00 +0.0000e+00 +0.0000e+00 +0.0000e+00 +0.0000e+00 +0.0000e+00
3 0 +1.577277346e+01 +2.715527735e+02 +2.715527735e+02 -4.4609e+00 +3.0266e+00 +2.3580e+00 -2.2306e+00 +2.9488e+00 +3.5653e+00 -4.8613e+00 +3.0075e+00 -4.1004e+00 -4.5235e+00 +3.9661e+00 +4.9938e+00 -2.3122e+00 -2.3126e+00 -1.2683e+00 +3.8196e+00 -1.4145e+00 +2.3671e+00 +2.4666e+00 -8.9162e-02
5 0 +1.348616414e+01 +2.692661641e+02 +2.692661641e+02 +3.3831e+00 +3.8986e+00 -2.6360e+00 +1.8809e+00 -3.4046e+00 -2.1418e+00 +1.9978e+00 -1.9154e+00 -4.3332e+00 -2.8826e+00 -7.8623e-01 +2.1553e+00 +2.2198e+00 -4.0350e+00 -2.2578e+00 +3.2621e+00 +3.4245e+00 +4.5694e-01 -2.4991e-01 +4.2636e+00
9 0 +8.785715452e+00 +2.645657155e+02 +2.645657155e+02 -4.9123e+00 +2.6256e+00 -2.2090e+00 +2.8059e+00 +1.8344e+00 +2.6316e+00 -5.6897e-01 +2.2326e+00 +2.7974e+00 +3.7896e+00 +2.8966e+00 +2.6210e-02 +9.9690e-01 -2.5588e+00 -1.5494e-02 -1.4269e+00 -6.4752e-01 +3.7658e+00 +2.9580e+00 +1.2960e+00
% f evaluations | g evaluations | best noise-free fitness - Fopt (1.000000000000e+03) + sum g_i+ | measured fitness | best measured fitness or single-digit g-values | x1 | x2...
1 0 +1.414947559e+01 +1.014149476e+03 +1.014149476e+03 +0.0000e+00 +0.0000e+00 +0.0000e+00 +0.0000e+00 +0.0000e+00 +0.0000e+00 +0.0000e+00 +0.0000e+00 +0.0000e+00 +0.0000e+00 +0.0000e+00 +0.0000e+00 +0.0000e+00 +0.0000e+00 +0.0000e+00 +0.0000e+00 +0.0000e+00 +0.0000e+00 +0.0000e+00 +0.0000e+00
4 0 +9.055151274e+00 +1.009055151e+03 +1.009055151e+03 +1.8356e+00 +1.8349e+00 +3.4538e+00 -1.6213e+00 -3.0056e-01 +3.6591e+00 -7.7096e-01 -2.9604e+00 -4.6000e+00 -3.9062e+00 +1.9760e+00 +4.6076e+00 +7.3361e-01 -1.6950e+00 -2.6856e+00 +3.1222e+00 -1.6833e+00 -3.3090e+00 -3.2696e+00 -3.1559e+00
15 0 +5.958790171e+00 +1.005958790e+03 +1.005958790e+03 -5.7413e-01 -2.0582e+00 +7.2924e-02 -1.5482e+00 +7.2555e-01 -2.5133e+00 -2.9450e+00 +4.3675e+00 +3.9207e+00 -8.5081e-01 -7.2994e-01 +2.3468e+00 -2.9766e+00 +4.2206e+00 +2.0991e+00 +2.8954e+00 -4.7547e+00 +8.7525e-02 +1.7470e+00 -1.2467e+00
33 0 +5.024582795e+00 +1.005024583e+03 +1.005024583e+03 -2.4592e+00 +2.7535e+00 +6.2606e-01 +2.7510e+00 +2.7369e+00 +8.5485e-01 +1.9859e+00 -7.8339e-01 +3.0967e+00 -1.4261e+00 +7.2265e-01 +4.3238e+00 -5.1951e-01 +2.8597e+00 -1.9590e+00 +1.0444e+00 +2.2014e+00 -2.9053e+00 -3.4433e+00 +1.3100e+00
% f evaluations | g evaluations | best noise-free fitness - Fopt (-1.869500000000e+02) + sum g_i+ | measured fitness | best measured fitness or single-digit g-values | x1 | x2...
1 0 +1.216814508e+01 -1.747818549e+02 -1.747818549e+02 +0.0000e+00 +0.0000e+00 +0.0000e+00 +0.0000e+00 +0.0000e+00 +0.0000e+00 +0.0000e+00 +0.0000e+00 +0.0000e+00 +0.0000e+00 +0.0000e+00 +0.0000e+00 +0.0000e+00 +0.0000e+00 +0.0000e+00 +0.0000e+00 +0.0000e+00 +0.0000e+00 +0.0000e+00 +0.0000e+00
3 0 +7.878785232e+00 -1.790712148e+02 -1.790712148e+02 +7.2997e-01 -3.5252e+00 +1.9283e+00 +4.6789e+00 +2.5472e+00 +1.2989e-01 +1.7232e-01 -9.6006e-01 +6.6398e-01 +2.2997e+00 +6.6250e-01 +1.9017e+00 -3.1557e+00 +4.4982e+00 -4.5483e+00 +1.5829e-01 +1.3000e+00 +1.3077e+00 -4.9794e+00 -8.8029e-01
12 0 +6.755747805e+00 -1.801942522e+02 -1.801942522e+02 +2.9007e+00 +3.9766e+00 -4.8852e+00 +1.4671e+00 +2.1294e+00 -2.4744e+00 +3.0332e-01 -3.7521e+00 -4.4935e-01 +2.4471e+00 +1.8147e+00 -4.8583e+00 -1.7925e+00 +2.9851e+00 +4.3984e+00 +1.6531e+00 +8.8060e-01 -2.5746e+00 +3.9168e+00 -2.5016e+00
26 0 +6.396854016e+00 -1.805531460e+02 -1.805531460e+02 -3.1106e+00 +1.7934e+00 -4.5580e+00 +4.6388e+00 +4.8869e+00 -2.6142e+00 -1.3453e-01 +2.8994e+00 -1.5496e-01 +1.9393e+00 +2.3559e+00 +2.2148e+00 -1.8107e+00 +1.4777e+00 +3.8382e+00 -4.2998e+00 +4.9340e+00 -1.7849e-01 -2.4245e+00 -3.6733e+00
% f evaluations | g evaluations | best noise-free fitness - Fopt (5.859500000000e+02) + sum g_i+ | measured fitness | best measured fitness or single-digit g-values | x1 | x2...
1 0 +1.502871186e+01 +6.009787119e+02 +6.009787119e+02 +0.0000e+00 +0.0000e+00 +0.0000e+00 +0.0000e+00 +0.0000e+00 +0.0000e+00 +0.0000e+00 +0.0000e+00 +0.0000e+00 +0.0000e+00 +0.0000e+00 +0.0000e+00 +0.0000e+00 +0.0000e+00 +0.0000e+00 +0.0000e+00 +0.0000e+00 +0.0000e+00 +0.0000e+00 +0.0000e+00
2 0 +1.295993800e+01 +5.989099380e+02 +5.989099380e+02 +3.8570e+00 +4.0366e+00 +2.5593e+00 -2.3307e+00 -4.7544e+00 +4.7538e+00 -3.5591e+00 +4.7922e+00 +4.1851e+00 -7.1606e-01 +2.8163e+00 +3.6720e+00 -1.0991e-01 -4.3775e-01 +3.4407e+00 +4.0588e-01 -1.9153e+00 -3.5731e+00 -3.6298e+00 +4.6063e+00
14 0 +1.115510836e+01 +5.971051084e+02 +5.971051084e+02 -3.5321e+00 -2.4835e+00 -2.7127e-01 -2.5350e+00 +3.9555e+00 +4.3589e-02 -4.4151e+00 +4.7088e+00 +2.9403e+00 -1.5593e+00 -1.2990e+00 +2.2373e+00 +2.2879e+00 -3.9954e+00 -4.0066e+00 -4.3528e+00 +2.3078e+00 +1.8150e+00 -1.7865e+00 +4.7900e+00
17 0 +9.307055400e+00 +5.952570554e+02 +5.952570554e+02 -4.8615e+00 -2.4089e+00 -4.1469e+00 +4.2047e+00 -1.3255e+00 +2.4602e+00 -2.4977e+00 -2.5339e+00 +2.1779e-01 +3.6924e+00 -4.1826e-01 +8.6789e-02 +4.2383e-01 -1.5877e+00 +2.1547e+00 -1.3785e+00 -2.8129e+00 -1.6156e+00 +4.5286e+00 -4.8760e+00
19 0 +7.273846802e+00 +5.932238468e+02 +5.932238468e+02 +1.0327e+00 +2.1040e+00 +2.2255e+00 +4.1062e+00 +3.3649e+00 +4.2314e+00 -3.4490e+00 -3.7462e+00 +2.4962e+00 +3.2086e-01 +3.5258e+00 -5.7145e-01 -4.4939e+00 +4.7747e+00 +3.8981e+00 -1.1219e+00 +2.4303e+00 +1.7993e+00 +3.3285e+00 -3.2476e+00
% f evaluations | g evaluations | best noise-free fitness - Fopt (2.871600000000e+02) + sum g_i+ | measured fitness | best measured fitness or single-digit g-values | x1 | x2...
1 0 +1.082532000e+01 +2.979853200e+02 +2.979853200e+02 +0.0000e+00 +0.0000e+00 +0.0000e+00 +0.0000e+00 +0.0000e+00 +0.0000e+00 +0.0000e+00 +0.0000e+00 +0.0000e+00 +0.0000e+00 +0.0000e+00 +0.0000e+00 +0.0000e+00 +0.0000e+00 +0.0000e+00 +0.0000e+00 +0.0000e+00 +0.0000e+00 +0.0000e+00 +0.0000e+00
12 0 +9.235768054e+00 +2.963957681e+02 +2.963957681e+02 -2.8001e+00 -4.6267e+00 +3.4064e+00 -4.1516e+00 +9.7175e-01 -8.7002e-01 +2.6713e+00 -3.1717e+00 +4.1628e+00 -1.7486e+00 -3.4742e+00 -5.0291e-01 +1.7746e+00 +1.9090e+00 -3.3759e+00 +1.6707e+00 +2.3928e+00 -8.1556e-01 -5.8019e-01 +1.0162e+00
20 0 +7.291603914e+00 +2.944516039e+02 +2.944516039e+02 +1.5651e+00 -1.7437e+00 -2.7956e+00 +4.4699e+00 +3.0333e+00 -4.3644e+00 +4.4691e-01 -7.5724e-01 -4.3762e+00 -3.3252e+00 -2.8818e+00 +2.3586e+00 +9.3313e-01 -1.5454e+00 -1.8910e+00 -1.4877e+00 +1.2841e+00 +3.8328e+00 +3.8558e+00 -1.1299e+00
31 0 +4.527166511e+00 +2.916871665e+02 +2.916871665e+02 +3.5074e-01 -2.5024e+00 +3.4359e+00 +4.3313e+00 +6.4613e-01 -2.4224e+00 -3.4476e+00 +1.7688e+00 +1.3505e+00 -2.6011e+00 +3.8437e-01 -2.0896e+00 -6.5869e-01 +4.0969e+00 +2.5018e+00 +2.5786e+00 +1.5031e+00 -4.6863e+00 -4.4640e+00 +3.2883e+00
% f evaluations | g evaluations | best noise-free fitness - Fopt (-3.943800000000e+02) + sum g_i+ | measured fitness | best measured fitness or single-digit g-values | x1 | x2...
1 0 +2.676139453e+01 -3.676186055e+02 -3.676186055e+02 +0.0000e+00 +0.0000e+00 +0.0000e+00 +0.0000e+00 +0.0000e+00 +0.0000e+00 +0.0000e+00 +0.0000e+00 +0.0000e+00 +0.0000e+00 +0.0000e+00 +0.0000e+00 +0.0000e+00 +0.0000e+00 +0.0000e+00 +0.0000e+00 +0.0000e+00 +0.0000e+00 +0.0000e+00 +0.0000e+00
2 0 +1.020697489e+01 -3.841730251e+02 -3.841730251e+02 +1.9137e+00 -4.4984e+00 +3.3746e+00 -5.6634e-01 -4.4665e+00 -1.6310e+00 -2.1071e+00 +2.0977e-01 +4.2886e+00 -3.9266e+00 +5.1370e-01 +1.5142e+00 -2.1911e+00 -7.1416e-01 -4.3907e+00 +3.7551e+00 -1.7632e-02 -2.5619e+00 +6.4219e-01 +1.0486e-01
3 0 +7.716327578e+00 -3.866636724e+02 -3.866636724e+02 -1.8002e+00 +1.6556e+00 +2.9323e+00 -4.1161e+00 +7.8383e-01 -4.3578e+00 -3.1495e+00 +2.9894e+00 +2.9574e+00 +1.3630e+00 -3.0625e+00 -8.6035e-01 +2.6289e+00 -2.0731e+00 +1.7097e+00 -9.3996e-01 +1.7636e+00 +4.9310e+00 -2.6487e+00 -3.2264e+00
24 0 +7.286315340e+00 -3.870936847e+02 -3.870936847e+02 -3.7186e+00 +4.9662e+00 -2.7817e+00 +3.8127e+00 -3.8483e+00 +1.0747e-01 +1.3506e-01 +8.1032e-01 -4.7714e+00 +3.1852e+00 -4.6553e+00 -1.8196e+00 +1.2443e+00 +1.5020e+00 -4.2171e+00 +2.5870e+00 +4.7039e+00 +2.0138e+00 -3.8245e+00 -1.9458e+00
% f evaluations | g evaluations | best noise-free fitness - Fopt (5.443000000000e+01) + sum g_i+ | measured fitness | best measured fitness or single-digit g-values | x1 | x2...
1 0 +1.773147106e+01 +7.216147106e+01 +7.216147106e+01 +0.0000e+00 +0.0000e+00 +0.0000e+00 +0.0000e+00 +0.0000e+00 +0.0000e+00 +0.0000e+00 +0.0000e+00 +0.0000e+00 +0.0000e+00 +0.0000e+00 +0.0000e+00 +0.0000e+00 +0.0000e+00 +0.0000e+00 +0.0000e+00 +0.0000e+00 +0.0000e+00 +0.0000e+00 +0.0000e+00
2 0 +1.454180989e+01 +6.897180989e+01 +6.897180989e+01 -6.6562e-01 -2.5882e+00 -4.2783e+00 +2.6161e+00 +3.1515e+00 +1.1154e+00 +1.6087e+00 -4.1674e-01 -3.3281e+00 -3.4754e+00 -3.8853e+00 -2.0050e+00 +4.5974e+00 +2.9326e+00 +3.6054e+00 +1.8041e+00 -5.7570e-01 -9.7147e-01 -1.4567e+00 -1.7995e+00
3 0 +1.387576192e+01 +6.830576192e+01 +6.830576192e+01 +3.9133e+00 +8.6563e-01 -1.6441e-01 -2.6833e+00 -2.1210e+00 +7.2746e-01 -3.3877e+00 -8.0841e-01 -3.9343e+00 -3.0427e+00 -1.9660e+00 -2.6951e+00 +2.9600e+00 -7.2810e-01 -6.5257e-01 -1.3132e+00 -8.9534e-01 +1.2681e+00 +3.9793e+00 -3.6829e+00
6 0 +1.358992997e+01 +6.801992997e+01 +6.801992997e+01 -1.4021e+00 +4.6614e+00 -2.7845e+00 +3.3527e-01 +2.5017e+00 +1.0210e+00 +4.8165e+00 -8.4629e-01 +2.4328e+00 +4.6936e-01 +3.3369e+00 -4.6078e+00 +1.4085e+00 +4.5939e+00 -1.7380e+00 -3.5955e+00 +3.9680e+00 +3.5555e+00 +5.0076e-01 +2.4581e+00
8 0 +8.375631917e+00 +6.280563192e+01 +6.280563192e+01 -4.9587e+00 -3.7321e+00 -1.7092e+00 +7.3349e-01 +9.6957e-01 +2.9316e+00 +3.4137e-02 -4.9559e+00 +1.1736e+00 +4.0874e+00 +1.7705e+00 +3.5734e+00 -3.4427e+00 +2.7708e+00 +8.4274e-01 +6.8674e-01 +7.2284e-01 +3.4833e+00 +7.4036e-01 +2.1495e+00
35 0 +6.992170066e+00 +6.142217007e+01 +6.142217007e+01 -1.4374e+00 -1.9155e+00 +1.5074e+00 +3.8021e+00 -2.7341e+00 +3.9133e+00 -2.6357e+00 -2.0841e+00 -4.5421e+00 -4.3269e+00 +1.1884e+00 -2.4418e+00 -4.6381e+00 -4.9190e+00 +1.4402e+00 -1.5465e+00 +1.4232e+00 -2.8237e+00 -3.9970e+00 +2.3341e+00
% f evaluations | g evaluations | best noise-free fitness - Fopt (1.396900000000e+02) + sum g_i+ | measured fitness | best measured fitness or single-digit g-values | x1 | x2...
1 0 +1.165243360e+01 +1.513424336e+02 +1.513424336e+02 +0.0000e+00 +0.0000e+00 +0.0000e+00 +0.0000e+00 +0.0000e+00 +0.0000e+00 +0.0000e+00 +0.0000e+00 +0.0000e+00 +0.0000e+00 +0.0000e+00 +0.0000e+00 +0.0000e+00 +0.0000e+00 +0.0000e+00 +0.0000e+00 +0.0000e+00 +0.0000e+00 +0.0000e+00 +0.0000e+00
6 0 +9.578221067e+00 +1.492682211e+02 +1.492682211e+02 +2.0508e+00 +1.4793e+00 -2.7921e+00 +1.9853e-01 -3.8507e-01 +1.2461e+00 +3.9881e+00 +4.7748e+00 +1.5301e+00 +2.7461e+00 -1.7681e+00 -2.0933e+00 +1.7897e-01 +2.2769e+00 +2.8174e+00 -2.5296e+00 +2.8609e+00 +4.6021e+00 -2.0176e+00 +4.7268e+00
15 0 +8.568428639e+00 +1.482584286e+02 +1.482584286e+02 +2.5221e+00 +3.3953e+00 -9.7275e-01 -4.2167e+00 +1.8119e+00 +3.7234e+00 -3.7520e+00 -7.5831e-01 -2.8517e+00 +8.7180e-01 +4.5810e+00 +1.3855e+00 -3.7368e-01 +3.7100e+00 -2.5909e+00 -3.3466e+00 -3.1919e-01 -2.4561e+00 -3.0915e+00 +3.2734e+00
17 0 +6.880058795e+00 +1.465700588e+02 +1.465700588e+02 -1.0846e+00 -1.8754e+00 -4.1783e+00 -1.2784e+00 +3.7215e+00 +2.2709e+00 +1.3009e+00 +7.7593e-01 +1.6023e+00 -2.6037e+00 +2.9453e+00 +7.5635e-01 -2.5524e+00 -1.3343e+00 -3.5491e+00 -4.0166e+00 -4.9244e+00 +1.4951e+00 -3.2456e+00 +9.9704e-01
28 0 +6.345924471e+00 +1.460359245e+02 +1.460359245e+02 +2.2126e+00 +4.4650e+00 +5.6121e-01 -4.0574e+00 -4.1274e+00 +4.5424e+00 -4.5591e+00 +4.5957e+00 -4.9875e+00 +1.3279e-01 +4.0434e+00 -4.3192e+00 +2.7337e+00 -3.8296e+00 +2.7238e+00 +4.1029e+00 -3.1376e+00 +4.8877e-01 +2.0997e-01 +2.3813e+00
30 0 +6.117318464e+00 +1.458073185e+02 +1.458073185e+02 -5.5262e-01 +3.5331e+00 -3.1047e+00 -7.0883e-01 -2.1702e+00 -4.1639e-01 -2.3919e-01 +4.2042e+00 -5.5983e-01 +3.7222e+00 -1.0810e+00 +9.5721e-01 -1.9642e+00 +4.1167e+00 -2.6276e+00 -8.2389e-01 +1.3054e+00 +4.1748e-01 -2.9304e+00 -4.9062e+00
% f evaluations | g evaluations | best noise-free fitness - Fopt (-5.794000000000e+01) + sum g_i+ | measured fitness | best measured fitness or single-digit g-values | x1 | x2...
1 0 +2.824954709e+01 -2.969045291e+01 -2.969045291e+01 +0.0000e+00 +0.0000e+00 +0.0000e+00 +0.0000e+00 +0.0000e+00 +0.0000e+00 +0.0000e+00 +0.0000e+00 +0.0000e+00 +0.0000e+00 +0.0000e+00 +0.0000e+00 +0.0000e+00 +0.0000e+00 +0.0000e+00 +0.0000e+00 +0.0000e+00 +0.0000e+00 +0.0000e+00 +0.0000e+00
2 0 +2.360830822e+01 -3.433169178e+01 -3.433169178e+01 +3.0525e+00 +2.7097e+00 +4.2832e+00 -1.6807e+00 +4.3088e+00 -3.8679e+00 +2.2936e+00 +2.4190e+00 +9.1381e-01 +4.1913e+00 +3.8134e-01 +1.0772e-01 -1.6039e+00 -2.0535e+00 +2.3021e+00 +1.6003e+00 -4.4984e-01 -9.5174e-01 -6.2431e-01 -2.7653e+00
3 0 +1.319895098e+01 -4.474104902e+01 -4.474104902e+01 +1.2563e+00 -6.3914e-01 +2.0279e+00 +3.3338e+00 +4.9019e+00 +7.9117e-01 -2.6539e+00 +9.4825e-01 +4.8460e+00 -1.4304e+00 +1.4349e+00 +2.8743e-01 -4.1142e+00 +2.2981e+00 +1.4848e+00 +2.5134e+00 +1.4203e+00 +4.7951e+00 -1.0702e-01 +1.8835e+00
5 0 +9.958576111e+00 -4.798142389e+01 -4.798142389e+01 -3.6083e+00 +2.6269e+00 -2.9478e+00 -9.3655e-01 -3.4895e+00 +4.1136e+00 -3.2994e+00 +4.1588e+00 -4.4581e+00 +3.3959e+00 -3.7342e+00 +2.0093e+00 +3.8505e+00 +3.0420e+00 +4.6662e+00 -4.2080e+00 -1.4979e+00 -1.0875e+00 -9.9215e-01 -2.4383e+00
7 0 +9.500361143e+00 -4.843963886e+01 -4.843963886e+01 +1.1702e+00 +1.8347e+00 +3.1509e+00 +4.9148e+00 +2.3770e+00 -3.7361e+00 +4.4986e-01 +1.6206e+00 +2.0488e+00 +1.3840e+00 +2.0926e+00 -4.7541e+00 -4.5806e+00 +8.0308e-01 +1.6441e+00 -2.2796e+00 -1.8335e+00 -1.0214e+00 -3.4554e-01 -1.6390e+00
24 0 +5.839232406e+00 -5.210076759e+01 -5.210076759e+01 -2.4678e+00 -1.3455e+00 -2.5421e+00 -4.8731e+00 +1.9264e+00 -2.1731e+00 -4.0114e-01 -2.0993e+00 -3.9548e+00 +1.7481e+00 +3.9414e+00 -3.2295e+00 +3.2233e-01 -2.7687e+00 +3.9492e+00 -1.7140e+00 +2.7123e+00 -2.8642e+00 +4.2114e+00 +3.0862e+00
% f evaluations | g evaluations | best noise-free fitness - Fopt (1.253900000000e+02) + sum g_i+ | measured fitness | best measured fitness or single-digit g-values | x1 | x2...
1 0 +1.580140502e+01 +1.411914050e+02 +1.411914050e+02 +0.0000e+00 +0.0000e+00 +0.0000e+00 +0.0000e+00 +0.0000e+00 +0.0000e+00 +0.0000e+00 +0.0000e+00 +0.0000e+00 +0.0000e+00 +0.0000e+00 +0.0000e+00 +0.0000e+00 +0.0000e+00 +0.0000e+00 +0.0000e+00 +0.0000e+00 +0.0000e+00 +0.0000e+00 +0.0000e+00
3 0 +1.358264444e+01 +1.389726444e+02 +1.389726444e+02 +1.8873e+00 -1.9421e+00 +4.7689e+00 +3.3397e+00 +3.7515e+00 -4.5049e+00 +1.9540e+00 -3.7804e+00 -3.5309e+00 +1.2953e+00 +1.6513e+00 +2.0817e+00 +3.6158e+00 -2.9073e+00 +2.9937e+00 +2.0069e+00 -9.0073e-01 -1.5752e+00 -4.6154e+00 -3.8267e+00
4 0 +1.171957796e+01 +1.371095780e+02 +1.371095780e+02 +3.5376e+00 -3.2783e+00 +3.5330e+00 -2.3071e+00 -3.6294e+00 +3.0071e+00 +2.5969e+00 +7.5684e-01 -2.8080e+00 +2.1581e+00 +7.7707e-01 -8.8643e-01 -1.8524e+00 -7.1374e-01 -4.4656e+00 -6.1375e-01 -4.5238e+00 +9.8390e-01 -3.6037e+00 +2.8403e+00
12 0 +1.073349869e+01 +1.361234987e+02 +1.361234987e+02 -2.4473e+00 -1.6318e+00 +1.3886e+00 -3.1948e+00 +4.1452e+00 -4.8644e+00 +3.8853e+00 +2.1047e+00 +7.9111e-01 +5.5226e-01 +2.5783e+00 +2.4308e+00 -2.7385e+00 -1.5602e+00 +3.7808e+00 -4.2780e+00 +2.1696e+00 -9.8107e-01 +2.4611e+00 -1.4630e+00
13 0 +9.880932449e+00 +1.352709324e+02 +1.352709324e+02 +4.0153e-01 +1.4860e+00 -1.8320e+00 +1.0346e+00 +1.7141e+00 -6.8156e-01 +2.7195e+00 +3.8106e+00 +2.0866e+00 +2.5811e+00 +4.2387e-01 +4.9372e+00 -3.5018e+00 -2.6464e+00 -3.5803e+00 +3.3987e+00 -3.9376e+00 -5.0036e-01 +2.1508e+00 -2.6184e+00
22 0 +9.522118985e+00 +1.349121190e+02 +1.349121190e+02 +1.8384e+00 +3.6757e+00 -8.5602e-01 +4.3859e+00 -2.1958e+00 +9.7619e-01 -3.1965e+00 -2.4275e+00 +3.4200e+00 +2.8725e+00 +1.0178e+00 -4.3142e+00 -1.7261e-01 +4.4127e+00 +2.1978e+00 +6.6558e-01 -2.9000e+00 -3.2436e+00 -4.4973e+00 -2.6353e+00
29 0 +8.768839582e+00 +1.341588396e+02 +1.341588396e+02 +2.1396e-03 +3.1167e+00 -1.7209e+00 -4.6381e-01 +4.1967e+00 +2.0713e+00 -2.5260e+00 +7.1274e-01 +4.8979e+00 -1.0258e+00 +7.7077e-01 -5.9231e-01 +2.9264e-01 +3.9146e+00 -3.7842e+00 +3.7599e+00 +8.1703e-01 +4.9700e+00 -2.2389e+00 +3.2014e+00
