% f evaluations | g evaluations | best noise-free fitness - Fopt (-1.694000000000e+01) + sum g_i+ | measured fitness | best measured fitness or single-digit g-values | x1 | x2...
1 0 +3.707168231e+01 +2.013168231e+01 +2.013168231e+01 +0.0000e+00 +0.0000e+00 +0.0000e+00 +0.0000e+00 +0.0000e+00 +0.0000e+00 +0.0000e+00 +0.0000e+00 +0.0000e+00 +0.0000e+00 +0.0000e+00 +0.0000e+00 +0.0000e+00 +0.0000e+00 +0.0000e+00 +0.0000e+00 +0.0000e+00 +0.0000e+00 +0.0000e+00 +0.0000e+00
3 0 +3.522567596e+01 +1.828567596e+01 +1.828567596e+01 +3.7423e+00 -1.5596e+00 -2.4726e-01 -1.4981e+00 -2.7971e+00 +9.2469e-01 +2.4207e+00 -3.8942e+00 -5.7151e-01 -2.6438e+00 +1.2430e+00 -3.7015e+00 -3.1182e+00 -2.9420e+00 +8.1622e-03 -3.9244e+00 -1.0666e+00 -4.0731e+00 -3.9803e+00 -1.4104e+00
4 0 +2.941944322e+01 +1.247944322e+01 +1.247944322e+01 +1.1706e+00 -2.0018e-01 -6.2565e-01 +8.2936e-01 +1.8604e+00 +3.6142e+00 +9.4004e-01 +1.1846e+00 +1.5874e+00 -1.7578e+00 -4.1958e+00 -1.8897e+00 -2.8088e+00 -2.7755e+00 +3.0560e+00 -1.4979e+00 +2.1580e+00 +8.1855e-01 +3.7460e-01 +1.4830e+00
% f evaluations | g evaluations | best noise-free fitness - Fopt (1.881000000000e+01) + sum g_i+ | measured fitness | best measured fitness or single-digit g-values | x1 | x2...
1 0 +1.544776293e+01 +3.425776293e+01 +3.425776293e+01 +0.0000e+00 +0.0000e+00 +0.0000e+00 +0.0000e+00 +0.0000e+00 +0.0000e+00 +0.0000e+00 +0.0000e+00 +0.0000e+00 +0.0000e+00 +0.0000e+00 +0.0000e+00 +0.0000e+00 +0.0000e+00 +0.0000e+00 +0.0000e+00 +0.0000e+00 +0.0000e+00 +0.0000e+00 +0.0000e+00
8 0 +1.514349546e+01 +3.395349546e+01 +3.395349546e+01 -2.3811e+00 -3.2767e+00 -4.0038e+00 +7.5829e-02 +2.9445e+00 +3.7279e-01 -7.2685e-01 +4.3877e+00 +3.5813e+00 -8.0150e-01 +6.8354e-01 +2.1482e+00 +2.9377e+00 -1.9286e+00 -5.5909e-01 -4.6100e+00 -3.2006e+00 +4.8101e+00 -4.6381e+00 -3.3718e+00
29 0 +1.435118551e+01 +3.316118551e+01 +3.316118551e+01 -2.0967e+00 -2.4042e+00 +4.0607e+00 +4.7779e+00 +4.6190e+00 +2.9478e+00 +1.9241e+00 -6.8119e-01 +5.7272e-02 -2.0313e+00 -2.9468e+00 +9.2306e-01 +2.1871e+00 -2.1674e+00 +3.2739e-01 -2.7344e-01 +7.8729e-01 +2.2194e+00 -3.1816e+00 +3.1252e+00
% f evaluations | g evaluations | best noise-free fitness - Fopt (2.731500000000e+02) + sum g_i+ | measured fitness | best measured fitness or single-digit g-values | x1 | x2...
1 0 +3.571434203e+01 +3.088643420e+02 +3.088643420e+02 +0.0000e+00 +0.0000e+00 +0.0000e+00 +0.0000e+00 +0.0000e+00 +0.0000e+00 +0.0000e+00 +0.0000e+00 +0.0000e+00 +0.0000e+00 +0.0000e+00 +0.0000e+00 +0.0000e+00 +0.0000e+00 +0.0000e+00 +0.0000e+00 +0.0000e+00 +0.0000e+00 +0.0000e+00 +0.0000e+00
6 0 +3.401980790e+01 +3.071698079e+02 +3.071698079e+02 -2.7054e+00 +3.1371e+00 +2.1582e+00 -3.1625e+00 -6.1408e-01 +2.6490e+00 -1.0185e+00 -3.8910e+00 +1.8429e+00 -5.1112e-01 +1.4783e+00 +2.4945e+00 +1.4850e+00 -2.1766e+00 -1.8895e-01 -4.1971e+00 +1.3691e+00 +1.4374e-01 +1.9606e+00 +4.0350e+00
13 0 +2.107418609e+01 +2.942241861e+02 +2.942241861e+02 -4.4246e+00 +1.7429e+00 +4.6025e+00 -6.4562e-01 +1.2692e+00 +8.3550e-01 -1.1077e+00 -4.1464e+00 -2.8382e+00 +5.6478e-01 -1.8281e+00 -2.5660e+00 +1.3456e+00 +7.2789e-01 +2.4035e+00 -3.0957e+00 +3.0430e-01 +2.9275e+00 -1.6081e+00 -1.5510e+00
% f evaluations | g evaluations | best noise-free fitness - Fopt (3.718000000000e+01) + sum g_i+ | measured fitness | best measured fitness or single-digit g-values | x1 | x2...
1 0 +1.574854264e+01 +5.292854264e+01 +5.292854264e+01 +0.0000e+00 +0.0000e+00 +0.0000e+00 +0.0000e+00 +0.0000e+00 +0.0000e+00 +0.0000e+00 +0.0000e+00 +0.0000e+00 +0.0000e+00 +0.0000e+00 +0.0000e+00 +0.0000e+00 +0.0000e+00 +0.0000e+00 +0.0000e+00 +0.0000e+00 +0.0000e+00 +0.0000e+00 +0.0000e+00
4 0 +1.522712933e+01 +5.240712933e+01 +5.240712933e+01 +2.0061e+00 +4.7604e+00 +3.6611e+00 -1.0049e+00 -2.2003e+00 +2.3767e+00 -1.3112e+00 +4.9664e+00 +2.1450e+00 +3.6055e+00 +2.3567e+00 +4.2646e+00 +2.9855e+00 -4.7796e-01 -3.0721e+00 -2.8484e+00 -4.7306e+00 -2.1872e+00 -4.1825e+00 +1.4714e+00
21 0 +1.370283680e+01 +5.088283680e+01 +5.088283680e+01 +9.3184e-01 +3.5520e+00 +7.4833e-02 -2.7657e+00 -3.6793e+00 -9.0428e-01 +2.8136e+00 +1.0765e+00 -3.9063e+00 +1.1215e+00 +2.9051e+00 +4.0731e+00 -5.4156e-01 -1.9441e+00 +3.9363e+00 +4.3076e+00 +9.1726e-01 -1.0782e-01 -3.3475e-01 +4.0964e-01
39 0 +1.308818042e+01 +5.026818042e+01 +5.026818042e+01 -5.7777e-01 +1.9926e+00 +2.8836e+00 -3.3933e+00 -3.0918e-01 +9.4101e-01 -2.6595e+00 -1.3494e+00 -2.5481e+00 +4.8459e+00 +3.4660e+00 -4.4545e+00 -2.5652e+00 -1.6985e+00 +4.2570e+00 +1.3914e+00 +2.1916e+00 -6.0778e-01 -2.8062e+00 -4.3911e+00
% f evaluations | g evaluations | best noise-free fitness - Fopt (-1.479000000000e+02) + sum g_i+ | measured fitness | best measured fitness or single-digit g-values | x1 | x2...
1 0 +1.445935349e+01 -1.334406465e+02 -1.334406465e+02 +0.0000e+00 +0.0000e+00 +0.0000e+00 +0.0000e+00 +0.0000e+00 +0.0000e+00 +0.0000e+00 +0.0000e+00 +0.0000e+00 +0.0000e+00 +0.0000e+00 +0.0000e+00 +0.0000e+00 +0.0000e+00 +0.0000e+00 +0.0000e+00 +0.0000e+00 +0.0000e+00 +0.0000e+00 +0.0000e+00
% f evaluations | g evaluations | best noise-free fitness - Fopt (4.817100000000e+02) + sum g_i+ | measured fitness | best measured fitness or single-digit g-values | x1 | x2...
1 0 +1.502789487e+01 +4.967378949e+02 +4.967378949e+02 +0.0000e+00 +0.0000e+00 +0.0000e+00 +0.0000e+00 +0.0000e+00 +0.0000e+00 +0.0000e+00 +0.0000e+00 +0.0000e+00 +0.0000e+00 +0.0000e+00 +0.0000e+00 +0.0000e+00 +0.0000e+00 +0.0000e+00 +0.0000e+00 +0.0000e+00 +0.0000e+00 +0.0000e+00 +0.0000e+00
2 0 +1.477492091e+01 +4.964849209e+02 +4.964849209e+02 +1.2832e+00 -3.2547e+00 +2.2352e+00 +3.5889e+00 -2.6866e+00 +3.5829e+00 +1.8551e+00 +4.0092e+00 +4.9149e+00 +4.0622e+00 +2.7451e+00 -1.9764e+00 -9.2890e-01 +3.7877e+00 -4.4211e+00 -3.5608e+00 -2.4941e+00 +4.3544e+00 +3.5677e+00 -1.1866e+00
9 0 +1.352304773e+01 +4.952330477e+02 +4.952330477e+02 +2.9059e+00 +3.4895e+00 +1.9378e+00 +1.5749e+00 +1.4578e+00 -2.2488e+00 +4.8445e+00 +4.3732e+00 +3.2861e+00 -5.0715e-01 -3.2658e+00 -4.5651e+00 +3.0447e-01 -6.8496e-01 -1.7750e+00 +2.8342e+00 +2.5361e+00 -3.1497e+00 +4.1959e+00 +3.0071e+00
% f evaluations | g evaluations | best noise-free fitness - Fopt (-3.646000000000e+01) + sum g_i+ | measured fitness | best measured fitness or single-digit g-values | x1 | x2...
1 0 +1.237014080e+01 -2.408985920e+01 -2.408985920e+01 +0.0000e+00 +0.0000e+00 +0.0000e+00 +0.0000e+00 +0.0000e+00 +0.0000e+00 +0.0000e+00 +0.0000e+00 +0.0000e+00 +0.0000e+00 +0.0000e+00 +0.0000e+00 +0.0000e+00 +0.0000e+00 +0.0000e+00 +0.0000e+00 +0.0000e+00 +0.0000e+00 +0.0000e+00 +0.0000e+00
% f evaluations | g evaluations | best noise-free fitness - Fopt (3.920000000000e+01) + sum g_i+ | measured fitness | best measured fitness or single-digit g-values | x1 | x2...
1 0 +1.982859378e+01 +5.902859378e+01 +5.902859378e+01 +0.0000e+00 +0.0000e+00 +0.0000e+00 +0.0000e+00 +0.0000e+00 +0.0000e+00 +0.0000e+00 +0.0000e+00 +0.0000e+00 +0.0000e+00 +0.0000e+00 +0.0000e+00 +0.0000e+00 +0.0000e+00 +0.0000e+00 +0.0000e+00 +0.0000e+00 +0.0000e+00 +0.0000e+00 +0.0000e+00
% f evaluations | g evaluations | best noise-free fitness - Fopt (-3.225000000000e+01) + sum g_i+ | measured fitness | best measured fitness or single-digit g-values | x1 | x2...
1 0 +6.968617323e+01 +3.743617323e+01 +3.743617323e+01 +0.0000e+00 +0.0000e+00 +0.0000e+00 +0.0000e+00 +0.0000e+00 +0.0000e+00 +0.0000e+00 +0.0000e+00 +0.0000e+00 +0.0000e+00 +0.0000e+00 +0.0000e+00 +0.0000e+00 +0.0000e+00 +0.0000e+00 +0.0000e+00 +0.0000e+00 +0.0000e+00 +0.0000e+00 +0.0000e+00
2 0 +5.932113718e+01 +2.707113718e+01 +2.707113718e+01 +4.9624e-02 -4.0050e+00 +4.8373e+00 +4.0858e-01 -3.7803e+00 -4.1361e+00 +3.9231e+00 -3.3938e+00 -1.0054e+00 +1.5929e+00 -4.8072e-01 +2.2678e+00 -1.2479e+00 +4.3551e+00 -3.4776e+00 +2.4627e+00 -4.7755e+00 +3.3227e-01 +2.2131e-01 +4.6301e-02
6 0 +3.518929037e+01 +2.939290372e+00 +2.939290372e+00 +3.2995e+00 -4.2729e-01 +3.5366e+00 -1.3161e+00 -2.5307e+00 -3.0378e+00 +4.5265e+00 +2.5187e+00 -1.0393e+00 -4.7330e+00 -4.7326e+00 +2.9496e+00 -1.2774e-01 +9.3419e-01 +2.2663e+00 -1.1637e+00 +4.1719e+00 +2.6382e+00 +4.6272e+00 +2.4709e+00
14 0 +2.720735932e+01 -5.042640681e+00 -5.042640681e+00 +3.9614e+00 -1.3048e-02 +6.4152e-01 -7.8412e-01 +2.2113e+00 +2.6844e+00 -3.2968e+00 -4.2099e-01 -1.5592e+00 +2.7377e+00 -2.1231e+00 +2.3778e+00 +2.8224e+00 -1.9864e+00 -4.3263e+00 -2.0759e+00 -8.4247e-01 +2.8481e+00 +3.8596e+00 -1.3491e+00
19 0 +1.825319815e+01 -1.399680185e+01 -1.399680185e+01 +1.4242e+00 -4.4506e+00 +3.6081e+00 -4.4271e+00 +1.0786e+00 -3.1128e+00 +3.6030e+00 +2.8788e+00 +1.0996e+00 +1.3322e+00 +4.3489e+00 +1.3675e+00 -4.7362e+00 +2.1493e-01 +6.8044e-01 +3.8462e+00 -4.7742e+00 +4.3981e+00 -2.9730e+00 +3.9662e+00
% f evaluations | g evaluations | best noise-free fitness - Fopt (3.681200000000e+02) + sum g_i+ | measured fitness | best measured fitness or single-digit g-values | x1 | x2...
1 0 +1.440821635e+01 +3.825282163e+02 +3.825282163e+02 +0.0000e+00 +0.0000e+00 +0.0000e+00 +0.0000e+00 +0.0000e+00 +0.0000e+00 +0.0000e+00 +0.0000e+00 +0.0000e+00 +0.0000e+00 +0.0000e+00 +0.0000e+00 +0.0000e+00 +0.0000e+00 +0.0000e+00 +0.0000e+00 +0.0000e+00 +0.0000e+00 +0.0000e+00 +0.0000e+00
% f evaluations | g evaluations | best noise-free fitness - Fopt (4.739000000000e+01) + sum g_i+ | measured fitness | best measured fitness or single-digit g-values | x1 | x2...
1 0 +1.440751509e+01 +6.179751509e+01 +6.179751509e+01 +0.0000e+00 +0.0000e+00 +0.0000e+00 +0.0000e+00 +0.0000e+00 +0.0000e+00 +0.0000e+00 +0.0000e+00 +0.0000e+00 +0.0000e+00 +0.0000e+00 +0.0000e+00 +0.0000e+00 +0.0000e+00 +0.0000e+00 +0.0000e+00 +0.0000e+00 +0.0000e+00 +0.0000e+00 +0.0000e+00
38 0 +1.391049463e+01 +6.130049463e+01 +6.130049463e+01 -2.7044e+00 -1.3657e+00 -2.5367e+00 +1.6056e-01 -4.9754e-01 +3.8600e+00 +2.3104e+00 +4.9025e+00 -3.6390e+00 -3.8116e+00 +4.1193e+00 +1.7733e+00 -1.8442e+00 -1.4864e-01 +2.5908e+00 +4.3056e+00 -1.5334e-01 -3.4990e+00 -1.5812e+00 -3.0787e+00
% f evaluations | g evaluations | best noise-free fitness - Fopt (-3.428900000000e+02) + sum g_i+ | measured fitness | best measured fitness or single-digit g-values | x1 | x2...
1 0 +1.596395368e+01 -3.269260463e+02 -3.269260463e+02 +0.0000e+00 +0.0000e+00 +0.0000e+00 +0.0000e+00 +0.0000e+00 +0.0000e+00 +0.0000e+00 +0.0000e+00 +0.0000e+00 +0.0000e+00 +0.0000e+00 +0.0000e+00 +0.0000e+00 +0.0000e+00 +0.0000e+00 +0.0000e+00 +0.0000e+00 +0.0000e+00 +0.0000e+00 +0.0000e+00
% f evaluations | g evaluations | best noise-free fitness - Fopt (9.102000000000e+01) + sum g_i+ | measured fitness | best measured fitness or single-digit g-values | x1 | x2...
1 0 +1.654050346e+01 +1.075605035e+02 +1.075605035e+02 +0.0000e+00 +0.0000e+00 +0.0000e+00 +0.0000e+00 +0.0000e+00 +0.0000e+00 +0.0000e+00 +0.0000e+00 +0.0000e+00 +0.0000e+00 +0.0000e+00 +0.0000e+00 +0.0000e+00 +0.0000e+00 +0.0000e+00 +0.0000e+00 +0.0000e+00 +0.0000e+00 +0.0000e+00 +0.0000e+00
% f evaluations | g evaluations | best noise-free fitness - Fopt (7.324200000000e+02) + sum g_i+ | measured fitness | best measured fitness or single-digit g-values | x1 | x2...
1 0 +1.245327240e+01 +7.448732724e+02 +7.448732724e+02 +0.0000e+00 +0.0000e+00 +0.0000e+00 +0.0000e+00 +0.0000e+00 +0.0000e+00 +0.0000e+00 +0.0000e+00 +0.0000e+00 +0.0000e+00 +0.0000e+00 +0.0000e+00 +0.0000e+00 +0.0000e+00 +0.0000e+00 +0.0000e+00 +0.0000e+00 +0.0000e+00 +0.0000e+00 +0.0000e+00
% f evaluations | g evaluations | best noise-free fitness - Fopt (3.542000000000e+01) + sum g_i+ | measured fitness | best measured fitness or single-digit g-values | x1 | x2...
1 0 +1.602462318e+01 +5.144462318e+01 +5.144462318e+01 +0.0000e+00 +0.0000e+00 +0.0000e+00 +0.0000e+00 +0.0000e+00 +0.0000e+00 +0.0000e+00 +0.0000e+00 +0.0000e+00 +0.0000e+00 +0.0000e+00 +0.0000e+00 +0.0000e+00 +0.0000e+00 +0.0000e+00 +0.0000e+00 +0.0000e+00 +0.0000e+00 +0.0000e+00 +0.0000e+00
35 0 +1.101929988e+01 +4.643929988e+01 +4.643929988e+01 +1.0784e+00 +3.1487e-01 -1.6217e+00 +4.2132e+00 +1.2205e+00 +3.5427e+00 +1.2311e+00 -1.0580e+00 -2.4288e+00 -4.0462e+00 -3.9910e+00 -7.6832e-01 +1.9183e+00 -1.0994e+00 -1.2178e+00 +3.3165e+00 +4.5004e+00 -1.0596e+00 +3.3354e+00 +1.1934e+00
